问题五
灰色预测：

CE:
Tar yield
    Tar yield
0       34.42
1       38.31
2       42.69
3       43.78
4       44.53
5       44.41
6   45.340983
7   45.668244
8   46.086071
9   46.727411
10  47.112567
11  47.654866
12  48.180939
13  48.657665
14  49.204941
15  49.719582
RMSE:0.3882443662286761


Water yield
   Water yield
0        27.42
1        21.37
2        17.84
3         16.9
4        16.25
5        18.25
6    17.460537
7    18.152879
8    18.772833
9     18.74009
10   19.413445
11   19.725741
12   20.065047
13   20.576928
14   20.922493
15   21.368179
RMSE:2.0128792486254348


Char yield
   Char yield
0       21.43
1       24.91
2       24.17
3        24.7
4       24.54
5       24.59
6   24.775113
7   24.720381
8   24.838299
9   24.903861
10  24.935825
11  25.027935
12   25.07708
13  25.139499
14  25.210508
15  25.266675
RMSE:0.11038083145967548


Syngas yield
   Syngas yield
0         16.73
1         15.41
2          15.3
3         14.62
4         14.68
5         12.75
6     12.566385
7     11.753769
8     10.810425
9     10.419794
10     9.644467
11     9.074215
12     8.582334
13     7.995429
14     7.545307
15     7.082221
RMSE:2.2162307890895647


LG:
Tar yield
   Tar yield
0      18.06
1      13.77
2      11.29
3      10.28
4       9.49
5       9.02
6    8.23996
7   7.722012
8   7.201645
9   6.650305
10  6.222218
11  5.771434
12  5.361041
13  4.995574
14  4.633997
15  4.310403
RMSE:0.4679875571974126


Water yield
   Water yield
0         15.3
1        18.54
2        20.17
3        20.97
4        21.53
5        21.87
6    22.580318
7    23.061951
8    23.619445
9    24.248319
10   24.801711
11   25.429422
12   26.055871
13   26.682575
14   27.346589
15   28.010957
RMSE:0.6280491586563883


Char yield
   Char yield
0       58.17
1       57.46
2       57.13
3       56.98
4       57.14
5       57.23
6   57.235186
7    57.36038
8   57.408181
9   57.473579
10  57.560282
11   57.61709
12  57.693349
13  57.765313
14  57.832056
15  57.906377
RMSE:0.0696201942589667


Syngas yield
   Syngas yield
0          8.47
1         10.23
2         11.41
3         11.77
4         11.84
5         11.88
6     12.097472
7      12.15524
8      12.28679
9     12.427215
10    12.524739
11    12.663606
12    12.785496
13    12.906637
14    13.039981
15    13.164495
RMSE:1.4652403215800902

H2

1	66.956
2	71.300
3	75.786
4	80.418
5	85.201
6	90.141
7	95.242
8	100.510
9	105.949
10	111.567
11	117.368
12	123.359
13	129.545
14	135.933
15	142.530
RMSE:0.867


CO:
1	4.081
2	3.226
3	2.550
4	2.016
5	1.594
6	1.260
7	0.996
8	0.787
9	0.623
10	0.492
11	0.389
12	0.308
13	0.243
14	0.192
15	0.152
RMSE:0.152

CO2:
1	-0.752
2	-2.652
3	-4.353
4	-5.878
5	-7.244
RMSE:0.476

CH4:
1 3.2	
2 1.849310878	
3 1.465430133	
4 1.106742856	
5 0.77159564	
6 0.458443591
7 0.1658432
RMSE:0.54234

C2H6:
1 13.8	
2 7.645906223	
3 5.687542901	
4 3.906357974	
5 2.286321634	
6 0.812854337
RMSE:0.95409


CS:
Tar yield
    Tar yield
0       19.46
1       17.25
2       15.43
3       14.14
4       13.89
5       13.21
6       12.84
7   12.414354
8   11.927263
9   11.566259
10  11.145512
11   10.75591
12   10.39838
13  10.025439
14   9.683063
15   9.347998
16   9.019512
RMSE:0.15564600769502235


Water yield
   Water yield
0        26.84
1        27.64
2        28.11
3        28.23
4        28.62
5        29.01
6        30.07
7    30.496221
8    31.258245
9    32.038927
10   32.671731
11   33.482407
12   34.229411
13   34.992291
14   35.813059
15   36.610876
16   37.446457
RMSE:0.18377897587576086


Char yield
   Char yield
0       29.21
1       29.11
2        29.3
3       29.34
4       29.14
5       29.33
6       29.47
7   29.465615
8   29.631271
9   29.699781
10   29.78112
11  29.898898
12  29.974531
13    30.0748
14  30.172216
15  30.260882
16   30.36044
RMSE:0.17438501276738805


Syngas yield
   Syngas yield
0         24.49
1          26.0
2         27.16
3         28.29
4         28.35
5         28.45
6         27.62
7     27.706099
8     27.347748
9     26.982111
10    26.852379
11    26.496774
12    26.255494
13    26.019176
14    25.726993
15    25.494428
16     25.23635
RMSE:0.5960993759122744

H2:
0 6.48
2 12.94
3 18.45
4 22.65
5 30.35
6 34.94
8 37.93
9 40.45
10 43.62
RMSE: 1.06319





